100
157
24
281
894
453
854
419
694
427
501
173
197
53
822
400
662
731
983
526
374
219
162
730
850
527
91
602
734
788
622
475
398
809
35
123
700
366
889
490
545
295
972
435
108
815
163
52
640
709
912
797
693
992
301
964
166
723
500
676
914
859
59
487
159
188
894
401
549
132
147
850
803
88
260
667
850
76
587
260
261
562
717
340
262
127
479
468
804
37
55
270
47
274
232
561
758
437
568
50
718
100
36
649
871
966
738
732
332
786
505
499
111
670
359
538
200
798
15
3
945
918
54
855
809
310
883
48
171
113
662
184
328
272
393
136
426
281
272
540
216
128
358
987
655
514
124
974
636
273
148
566
265
503
115
202
881
598
938
86
690
202
88
175
471
843
209
840
387
24
680
777
325
531
520
209
616
330
180
126
977
188
649
140
118
788
494
60
991
952
664
982
506
329
599
877
343
699
288
689
381
20
