1000
8422
8216
3309
2037
5730
5887
9848
7651
1870
4280
4738
9771
3161
5740
4918
5806
4491
5668
8435
4887
5625
4982
9159
6059
1155
1686
1066
5308
546
9018
6429
3553
4854
1549
7542
1194
4978
491
9864
6943
9399
7806
3760
8584
9866
64
9305
562
733
2012
6197
7001
8079
4730
7058
5609
3155
8126
3366
8223
4147
2742
9596
6710
3981
415
4462
5122
7061
2718
9206
6225
4341
8744
8256
7095
4926
6120
9586
7132
4256
7808
9160
692
5816
7566
3050
6427
9591
7036
2834
7666
6989
5391
6932
6159
9998
9321
2758
8880
2958
6382
4649
8319
380
7516
4497
7604
1358
9210
2620
529
3504
248
2585
7980
458
4124
3644
7673
4295
7398
7569
2092
7961
3304
8305
8970
4526
7067
605
5570
9313
8341
2217
3033
3222
1605
3026
6903
4162
7260
1639
8426
6850
900
2887
8461
2487
9615
1656
3612
7899
5376
735
1065
8373
8018
5138
9409
1808
1582
9450
4261
4002
2795
2453
9166
8691
773
2437
9334
5132
4633
5051
8477
4628
5133
4362
4768
2636
6690
2484
4999
7992
2231
8042
1307
8731
9075
1879
9206
1503
7681
4984
1688
8968
7241
290
5638
1995
314
9633
5291
7498
9702
458
9170
2297
4549
4246
298
5401
8969
4130
7471
1826
4568
8673
678
1257
6142
429
5548
8680
512
7681
7917
7015
6279
7157
3870
5746
3628
685
3666
7274
3793
5631
4129
5765
6154
795
9604
6838
6882
3895
7997
1124
4147
1860
5944
966
7199
6850
1171
1397
7240
6631
9110
3585
1945
9834
2631
5391
5472
680
9043
4416
5909
6490
3101
5687
6577
9082
8555
3112
3403
6749
5815
2645
2479
1205
2808
6942
2669
5571
4347
9661
5899
7845
9244
4091
377
2468
7198
9816
2191
1044
9219
2456
7270
3764
2447
9219
6362
6788
1170
4903
6592
1636
5070
5726
2313
9033
496
8312
356
9148
8618
487
6257
854
3259
7942
7818
1504
7561
6535
9769
8805
550
833
2160
1824
9403
2170
9677
1962
745
824
4818
1666
5758
7493
859
5477
6681
4466
1203
9628
5873
1543
1384
7453
7678
6592
7968
8650
5901
8056
3386
3628
5942
447
2194
4423
7457
9443
7812
7591
6895
5525
1496
2257
4598
2985
4159
5379
5701
8245
254
9949
7646
1293
7941
3666
1834
5071
2699
4368
2004
4899
2626
2820
7049
2003
333
2764
9509
6700
6132
5867
1511
4427
4198
3964
8180
9488
7168
6490
9313
1861
2972
3735
8038
2678
7725
6673
1538
7065
2423
8275
6502
6685
7754
6278
9330
2834
7803
2338
4062
833
3965
6294
8479
169
1965
9229
9884
7032
1834
7787
8500
6826
2451
4823
9743
3472
9309
3838
896
3191
4527
2846
4887
9029
211
5906
662
438
399
5985
6232
6582
1622
8239
5355
4659
4845
8620
5087
4202
9539
7964
7816
3011
2832
3719
4605
88
295
4537
1570
2772
2819
1010
324
36
5500
4255
5574
8678
5035
1902
6638
9067
2072
3127
7688
238
2012
3612
4793
1763
9652
7567
1613
681
4696
9050
4141
4559
2752
783
3521
2627
6424
8984
6463
9121
585
3670
3803
4295
4499
8237
2290
5285
6210
9095
1167
9644
4588
3054
530
2397
7593
5671
6007
2112
5692
4435
187
1174
6027
8025
2575
1828
945
5840
4762
8001
6089
9966
7325
2714
8705
833
8271
6091
3909
2380
6591
7970
6596
212
778
5435
6657
2216
4197
10
4938
9085
6146
9023
1792
3602
6784
7021
9206
8272
7400
5544
7142
2833
7232
7115
2521
9342
3599
5395
2971
1532
346
1902
7600
2295
3325
4254
2532
6588
3456
2306
3097
7851
7852
1812
3052
7180
8396
5561
1082
4217
3147
2281
489
3160
9724
8373
8242
8546
4873
8668
5292
9282
5076
9453
8229
5623
8445
6086
5441
240
7694
1958
8802
6717
8403
450
4268
3235
290
8902
1322
885
5875
3873
6314
67
6848
659
7966
3226
4900
286
1785
2201
2839
5985
6782
3501
8523
8196
7138
2120
1667
8710
8229
6067
5449
5880
253
173
4631
9590
6859
64
7220
474
8009
7039
1898
5061
925
9542
993
2834
4452
8429
8029
1776
96
9874
8929
9524
6355
3056
5831
209
5745
3797
4914
8391
9871
3611
152
8739
4177
6005
8045
3189
7951
1476
9258
3524
5760
2105
1357
1997
2136
3152
4004
4257
9415
8460
3208
5569
6341
873
9299
2938
3516
2547
9941
2751
1260
1116
7727
3868
209
1552
4014
4972
9886
8431
8882
9147
5004
6590
2617
4494
4035
8056
9950
5234
1303
6682
2026
8021
2690
8208
9147
8737
4919
1842
8092
8520
4541
407
4
5419
9685
5810
2211
4515
197
8709
2023
9103
3763
8545
6790
8356
8624
4421
8340
1056
4294
1964
5727
5074
5123
5290
7582
7200
8841
3338
4696
6794
9727
1439
1389
7740
8946
1713
5997
6493
1950
5851
7316
2449
2098
1740
9182
3341
8657
5777
4444
4453
1081
528
3296
8416
6998
4197
3007
467
1112
5915
881
8082
5802
2060
101
3517
6495
9082
5380
3335
9118
3150
9405
9239
3607
2379
7527
6925
6932
773
2430
1933
9043
2883
8161
6936
608
9861
3026
9956
8474
2375
9115
6752
4864
7541
2935
9148
160
9585
6045
9221
5508
2628
6726
3081
3307
2846
4572
2644
6510
9399
9885
9951
7780
8995
7091
9225
8295
3234
4856
3023
1911
3065
427
9342
504
7179
1227
8603
5079
8330
8340
2567
2431
1546
9667
704
5018
2675
1553
7200
7310
2401
6357
9252
9259
8921
7901
541
6992
3879
8832
5246
7927
8824
4043
5285
3015
5715
256
9714
2200
7230
5028
6803
974
5441
4236
1504
6187
3284
8181
4724
1187
1642
674
2046
9830
8550
8526
1555
215
4262
5242
4891
8982
4365
7995
2706
1190
5614
7404
1921
282
1959
1888
4465
7610
7526
6428
9495
2087
7113
8548
9161
7645
4300
3248
382
1441
8833
1084
2667
1950
8191
565
6538
6758
4936
97
4809
3399
6277
6017
6207
7595
9962
3074
1000
8960
4929
2173
6496
9821
6364
7603
7705
8561
4449
8120
6080
742
4340
8129
3874
4586
2665
1986
7525
3346
2378
3687
4748
163
2945
387
341
412
9566
3389
6127
7046
8673
701
5839
6280
4240
8287
9571
2495
5373
4101
7935
4277
3707
3098
2803
9944
1893
5224
2507
4648
2707
4406
9171
4654
9875
4806
9958
3455
4859
6242
8562
2175
8815
6600
9722
858
10
561
51
9708
6878
6131
313
4287
1424
6146
8072
6671
5178
2834
8245
1967
770
180
3828
8980
8146
3309
2242
8043
3424
1486
3385
8872
7058
6474
1307
5259
8111
2516
6209
1054
6630
601
7241
2767
8581
3853
6391
9191
1104
5713
5594
6582
2338
1847
5518
3234
1752
6950
601
7630
1989
7902
7601
7588
8973
2510
3899
3554
5811
1536
2491
3844
377
6481
1435
1360
6621
9427
327
7607
9391
2895
721
6814
3134
9860
9401
2419
9995
1337
6196
610
9275
7459
172
6472
7982
6104
7897
4701
7219
6593
3322
9552
2959
897
4682
7760
4517
4826
2332
7185
9370
7405
1605
9062
1565
8974
5005
235
1416
162
3421
9610
1954
4111
7956
4927
9001
5802
5559
5739
1373
7815
1213
9138
7237
5867
6476
6955
6550
3162
4660
5012
9862
9129
3846
6973
3352
7114
2563
4003
4210
7813
9699
8101
3080
279
5023
8879
4362
468
8171
9621
5249
5161
5466
9096
7228
5804
2704
8581
3326
9582
6486
416
8585
6204
5435
1500
1597
5158
4096
3102
594
7239
9723
7397
1588
2904
6146
9496
9917
4574
3776
2515
5549
3741
5248
4152
1385
1769
4876
481
3799
5165
6131
4589
7359
6226
1083
6224
948
1174
6441
6724
9184
3066
2927
5719
9870
5753
1552
8593
5626
987
5307
5784
7749
2840
6887
4437
2304
8246
1526
3381
3565
7464
1726
5518
8005
3122
3083
7630
551
9998
5740
9513
7828
8577
7436
4622
8713
7573
2484
202
287
5126
6030
4770
9862
8268
5147
1654
6913
386
9128
9699
8652
1672
9357
786
9830
1475
5505
3141
324
2177
9869
4343
2237
9134
8133
6282
2071
7203
4148
6545
4595
9437
2336
3719
3869
4017
8892
1776
2785
6227
1515
9692
4075
112
8923
1108
3344
1535
6796
408
3658
5682
3642
6857
947
345
9282
8794
3468
2010
8746
7951
7802
4661
3104
9881
4666
3172
2116
8504
1752
2009
2233
822
7338
9308
1946
1215
7485
9752
4274
2089
8071
7896
876
8310
2611
4637
7958
2365
718
1263
8162
6525
7464
1047
8916
3553
9302
906
6546
1685
778
3456
5019
4635
1552
984
7805
8950
2336
2526
1498
9642
6529
3628
5505
9220
9773
9863
8466
4755
6658
5567
2636
4835
3924
6495
1086
4545
6257
2316
5848
1536
3850
5385
2954
4231
1273
4550
606
688
677
253
4539
5311
5140
7690
506
3798
3789
4737
4458
1414
3485
7869
2963
435
573
2709
10
9678
2498
754
7516
707
6888
8115
7677
1289
8535
2063
8463
6861
5998
6795
1926
6389
9000
9564
4348
5932
9856
5211
3560
4072
1099
3678
7370
593
6732
5956
5012
2268
8915
1962
206
246
4494
9655
1611
2510
7018
9338
9089
1221
9657
7479
406
2409
3937
4369
1758
6796
3203
6701
2927
1146
8415
2957
2856
9730
4868
4965
9764
5805
3286
6636
6707
8166
526
4176
1020
9640
7193
4307
1269
7520
7978
86
1549
4751
8885
571
9803
6612
5745
7819
8579
5451
4177
2261
984
7038
8080
9479
9019
4912
176
9233
5126
3445
2180
966
3278
9300
7737
9408
4323
5445
5104
122
6195
6505
9695
2340
4453
2938
3205
5418
4773
8290
5060
9294
634
9020
4443
8859
4076
3842
6366
3305
3307
5629
8652
3157
943
4535
5399
6281
9212
9551
6332
4603
1002
1671
5263
992
7667
5548
2563
3673
365
2287
938
9794
3347
4323
2880
2453
9742
8692
6465
1025
1667
6161
4366
1611
1246
5755
5716
7314
4223
7385
6016
4307
2123
7919
2925
6292
8855
7778
6936
7976
7745
8183
7888
7328
7028
5305
1048
6405
9191
6774
2956
3731
6978
1866
7518
4290
6152
9255
8060
5585
3185
2820
9145
1997
5521
3257
6571
4099
9748
5279
4688
8778
9794
8857
5852
7978
3433
1156
4060
7440
6659
3040
4422
5813
4085
5385
5206
5005
4821
4169
1932
7646
22
686
4566
323
1746
8765
568
6039
5013
3896
9482
9351
9935
8073
5794
8110
6764
5261
4081
480
323
5353
4055
6598
2194
4737
7391
1332
8143
691
5336
8614
824
7326
5922
5534
7818
5062
9470
4796
9830
1533
8851
47
7814
4129
2888
1186
7267
4668
164
4854
2288
4807
720
5277
5493
3649
3898
1942
5165
2239
6567
1450
6997
5412
776
767
3834
1373
3136
4539
5844
6051
5248
554
425
9320
3137
5276
4923
3099
155
8116
9988
1603
4138
1780
7179
9738
8789
5921
7261
3101
5595
6639
7130
1931
8601
1208
216
4063
520
9923
5821
2852
7426
2523
6006
9676
164
8411
5438
9211
5356
680
4405
9557
1460
4396
9276
8427
137
5732
3618
560
9540
4686
7569
7359
4636
8270
7669
7984
8370
4646
2321
4262
7732
5448
2429
871
2707
6479
9517
3796
3632
6153
7369
3108
8337
6372
6535
5082
388
1071
7730
7192
1043
5415
2019
1311
1091
4609
7220
7216
5981
3564
4523
145
8321
8454
676
4888
8056
7015
7834
8355
8127
8727
4185
9881
8107
624
1890
4053
9017
5292
9528
1223
9809
9988
6206
5726
6183
7197
8343
900
6570
6234
1204
6347
3355
1962
7998
9535
3855
3000
7356
1154
6461
5615
1415
130
1200
6847
8661
4638
323
6159
3092
880
4092
6111
6973
2596
9691
3395
9345
5075
2519
3187
6295
5759
4034
5012
2369
7188
4258
9484
544
3542
5776
6849
3338
257
1624
383
7336
4986
507
1226
1525
9681
3607
4616
2313
9374
4530
5545
9908
6727
5139
714
5036
588
9307
5759
7047
4712
593
9811
8848
4220
9743
5156
7607
6157
2026
7834
1937
