500
311
5000
104
2458
589
3570
4961
1064
3300
3889
138
989
279
1518
2166
1046
4696
2545
2563
488
3970
4818
2802
3664
1831
4217
760
1447
4520
3128
1032
4501
3382
671
2218
3955
125
4999
4689
3951
305
2293
3866
3257
2879
4949
4445
3645
2314
25
2046
999
1354
4639
727
4084
3288
3919
2851
3006
4789
96
1289
2806
4674
4205
2724
2647
2105
238
2284
802
2446
1654
1732
886
4313
2182
2685
4043
929
3512
2616
1041
2173
1470
1918
2721
2316
3400
1163
3191
3467
2065
666
1107
4803
436
1461
610
1514
4525
2634
4108
3732
1604
3258
2366
3070
4790
1152
363
3973
210
1094
1878
3539
1345
347
912
2886
2895
1539
1429
779
2792
4826
2396
2586
4979
3440
2306
863
4925
3957
36
3554
3280
4411
3757
313
1342
1236
141
4182
143
4082
862
3925
622
3080
1205
1464
3463
3789
381
3198
261
3979
3608
3486
4791
3167
2853
1715
4106
1641
4276
2350
2770
4331
4704
598
3888
549
2039
896
2652
3557
1536
3390
4362
446
1950
527
4976
250
4131
793
338
2347
3623
2115
3556
4447
3457
3163
2140
4569
1857
1848
4819
1915
740
1907
1330
174
3162
3240
3775
2022
3326
3834
1440
892
3121
4083
3817
1153
2890
2970
1804
1586
4884
2287
1225
400
3713
3419
2777
3022
1813
1162
1767
205
1533
1444
3871
457
4837
563
1712
4428
2603
878
3381
2947
3851
2824
4207
1064
1875
3350
4562
1657
3091
4991
3357
4777
2111
1833
4143
4590
3966
3128
2877
1378
3818
2365
3105
4917
4912
3878
3858
121
606
762
2273
1622
1755
4941
47
3794
3241
4765
2114
1009
1352
3298
4812
4967
2100
2340
1748
2090
4787
2352
3551
3264
307
1513
1060
2536
4406
49
2964
1305
2300
825
998
509
532
4867
3186
3780
4058
4280
3947
3412
2833
1235
1731
4980
4006
3484
1442
3625
1287
2466
4917
3847
2306
1893
863
2199
2836
3097
1346
1454
489
4374
3211
3929
4462
126
4954
325
3029
4494
315
1510
3069
4527
4973
3213
3226
824
1998
1969
1327
4866
743
4150
4388
4945
870
1528
1732
3155
4449
4193
4777
4877
4319
4302
295
2926
1112
4441
4290
1905
899
3884
3491
2781
587
4800
3391
3756
1550
21
1668
176
2960
558
4260
867
614
702
1489
2063
3104
3554
1435
1084
1500
2893
3227
281
2759
1724
1341
1261
712
797
2696
1749
3249
1255
1721
3408
895
2910
3491
3775
341
2265
2302
2943
3142
2952
3795
2961
1508
3229
2982
1085
1599
4936
849
1267
4962
3874
4013
3850
1794
4840
1419
943
1972
4010
1737
2649
376
1794
4495
1374
2306
2040
1123
195
1499
1178
3666
310
4119
3661
4656
4870
3289
2425
3202
3449
74
4715
2566
2761
2742
1549
2504
2698
2927
1701
2157
4655
859
4893
3440
1581
3557
2391
969
2796
1060
2913
4839
4770
4948
4666
4670
500
38
4261
3407
4874
1701
2963
4465
4270
4799
300
2557
1175
1850
432
4829
1300
1646
1539
2439
4025
927
4505
1799
2150
283
898
4225
1189
3404
2163
4803
4782
3120
215
474
1698
2963
887
4531
1813
2474
563
450
500
2657
2893
830
4952
4335
2838
1415
1862
4099
4312
1878
2649
3975
2233
4269
1814
2043
1062
3630
993
4189
2023
321
3314
3196
3594
2895
903
4038
2634
3032
129
2219
2388
2997
992
4034
3391
1794
1479
2468
3018
41
930
3368
3316
1965
438
1054
1485
1955
3734
2287
907
3334
2036
3657
1189
2357
1978
4282
774
57
2527
1210
1282
3115
787
296
1995
3290
1116
2451
3097
1638
1382
2964
2657
4442
4271
1937
2865
737
3751
42
3248
802
3594
1786
2240
2593
4497
3439
3959
2255
3623
2631
3037
2248
1784
608
4052
2508
834
894
3200
2032
2683
1848
3689
255
1453
2123
1965
2439
1129
2609
656
4562
3678
1735
282
2196
3520
4151
4807
2879
1329
3797
1625
3066
3222
50
1069
2216
4180
1077
941
1675
1540
1329
4265
47
1090
2576
1441
1444
2879
2432
1928
4916
1078
4137
3675
2213
4283
3358
96
2246
1521
2599
4006
1336
2378
2825
2931
3636
3009
3101
3765
2430
1281
2363
4034
3201
2977
846
3908
4298
2267
694
3896
3199
4066
2761
2680
4649
897
2012
2340
874
1452
630
3327
1390
1763
608
4398
2000
3081
3100
3897
3886
988
4794
3277
3323
2100
901
1292
3851
3588
3347
2948
4415
398
2385
4005
3237
2721
2576
2892
2928
4213
3741
4611
4077
1014
4954
1304
3872
2554
1638
126
2353
4720
1760
2048
1217
4413
751
395
1285
527
2671
3024
2391
1138
4717
3790
4930
3249
4584
3828
4822
3023
3877
3979
2566
1695
3114
2589
756
2652
1285
2145
2844
4739
3762
3051
2617
3540
124
2901
3569
1093
4920
4933
2448
1774
2175
68
148
3656
4499
2416
4793
791
2825
2942
733
2313
3747
4183
581
2232
3374
4823
2607
922
1439
2613
2922
2656
4857
1646
1590
2428
2042
2548
2271
300
2786
4361
1026
2436
38
2840
2235
282
2390
4155
4383
4806
4282
2750
368
4504
34
1009
4409
2474
2427
3183
1879
2696
101
404
1001
3369
3058
1202
1120
1363
4366
4405
1635
1298
1011
4649
3621
2034
1634
3640
1073
4865
4031
610
4721
3442
4058
2084
2145
3560
1473
1860
2023
2854
340
1271
4560
2586
3071
872
3050
3337
2712
1909
4479
2961
4157
737
860
1806
3949
1600
2228
2871
4053
3162
3579
2031
838
1248
987
4422
2878
4787
2191
200
4704
1840
4574
4255
1933
4392
4306
583
2909
1475
2034
2957
4507
430
2027
416
1939
2696
4520
4201
3649
3651
2462
1608
4070
4779
2439
2608
3437
2396
4505
560
4476
4070
4541
326
1066
1591
3750
2801
4303
4211
4689
2396
3835
1309
2329
2651
2747
3858
1795
2158
2808
4422
1626
1749
